(1.987665,7.546760e+31);(5.139039,5.350000e+31);(0.130428,2.500000e+30);1.851130
(1.996460,7.546760e+31);(5.155944,5.350000e+31);(0.135258,2.500000e+30);1.840062
(2.005255,7.546760e+31);(5.172849,5.350000e+31);(0.140089,2.500000e+30);1.829145
(2.014050,7.546760e+31);(5.189753,5.350000e+31);(0.144920,2.500000e+30);1.818403
(2.022845,7.546760e+31);(5.206658,5.350000e+31);(0.149750,2.500000e+30);1.807859
(2.031640,7.546760e+31);(5.223563,5.350000e+31);(0.154581,2.500000e+30);1.797535
(2.040435,7.546760e+31);(5.240468,5.350000e+31);(0.159412,2.500000e+30);1.787452
(2.049230,7.546760e+31);(5.257372,5.350000e+31);(0.164242,2.500000e+30);1.777630
(2.058025,7.546760e+31);(5.274277,5.350000e+31);(0.169073,2.500000e+30);1.768086
(2.066820,7.546760e+31);(5.291182,5.350000e+31);(0.173904,2.500000e+30);1.758837
(2.075615,7.546760e+31);(5.308086,5.350000e+31);(0.178734,2.500000e+30);1.749897
(2.084410,7.546760e+31);(5.324991,5.350000e+31);(0.183565,2.500000e+30);1.741279
(2.093205,7.546760e+31);(5.341896,5.350000e+31);(0.188396,2.500000e+30);1.732996
(2.102000,7.546760e+31);(5.358801,5.350000e+31);(0.193226,2.500000e+30);1.725058
(2.110795,7.546760e+31);(5.375705,5.350000e+31);(0.198057,2.500000e+30);1.717472
(2.119590,7.546760e+31);(5.392610,5.350000e+31);(0.202888,2.500000e+30);1.710247
(2.128385,7.546760e+31);(5.409515,5.350000e+31);(0.207718,2.500000e+30);1.703388
(2.137180,7.546760e+31);(5.426420,5.350000e+31);(0.212549,2.500000e+30);1.696899
(2.145975,7.546760e+31);(5.443324,5.350000e+31);(0.217379,2.500000e+30);1.690784
(2.154770,7.546760e+31);(5.460229,5.350000e+31);(0.222210,2.500000e+30);1.685044
(2.163565,7.546760e+31);(5.477134,5.350000e+31);(0.227041,2.500000e+30);1.679681
(2.172360,7.546760e+31);(5.494039,5.350000e+31);(0.231871,2.500000e+30);1.674695
(2.181155,7.546760e+31);(5.510943,5.350000e+31);(0.236702,2.500000e+30);1.670084
(2.189950,7.546760e+31);(5.527848,5.350000e+31);(0.241533,2.500000e+30);1.665847
(2.198745,7.546760e+31);(5.544753,5.350000e+31);(0.246363,2.500000e+30);1.661981
(2.207540,7.546760e+31);(5.561657,5.350000e+31);(0.251194,2.500000e+30);1.658483
(2.216335,7.546760e+31);(5.578562,5.350000e+31);(0.256025,2.500000e+30);1.655348
(2.225130,7.546760e+31);(5.595467,5.350000e+31);(0.260855,2.500000e+30);1.652573
(2.233925,7.546760e+31);(5.612372,5.350000e+31);(0.265686,2.500000e+30);1.650152
(2.242719,7.546760e+31);(5.629276,5.350000e+31);(0.270517,2.500000e+30);1.648080
(2.251514,7.546760e+31);(5.646181,5.350000e+31);(0.275347,2.500000e+30);1.646351
(2.260309,7.546760e+31);(5.663086,5.350000e+31);(0.280178,2.500000e+30);1.644959
(2.269104,7.546760e+31);(5.679991,5.350000e+31);(0.285009,2.500000e+30);1.643898
(2.277899,7.546760e+31);(5.696895,5.350000e+31);(0.289839,2.500000e+30);1.643161
(2.286694,7.546760e+31);(5.713800,5.350000e+31);(0.294670,2.500000e+30);1.642742
(2.295489,7.546760e+31);(5.730705,5.350000e+31);(0.299501,2.500000e+30);1.642633
(2.304284,7.546760e+31);(5.747610,5.350000e+31);(0.304331,2.500000e+30);1.642828
(2.313079,7.546760e+31);(5.764514,5.350000e+31);(0.309162,2.500000e+30);1.643321
(2.321874,7.546760e+31);(5.781419,5.350000e+31);(0.313993,2.500000e+30);1.644103
(2.330669,7.546760e+31);(5.798324,5.350000e+31);(0.318823,2.500000e+30);1.645168
(2.339464,7.546760e+31);(5.815228,5.350000e+31);(0.323654,2.500000e+30);1.646509
(2.348259,7.546760e+31);(5.832133,5.350000e+31);(0.328485,2.500000e+30);1.648120
(2.357054,7.546760e+31);(5.849038,5.350000e+31);(0.333315,2.500000e+30);1.649992
(2.365849,7.546760e+31);(5.865943,5.350000e+31);(0.338146,2.500000e+30);1.652121
(2.374644,7.546760e+31);(5.882847,5.350000e+31);(0.342977,2.500000e+30);1.654498
(2.383439,7.546760e+31);(5.899752,5.350000e+31);(0.347807,2.500000e+30);1.657117
(2.392234,7.546760e+31);(5.916657,5.350000e+31);(0.352638,2.500000e+30);1.659972
(2.401029,7.546760e+31);(5.933562,5.350000e+31);(0.357469,2.500000e+30);1.663057
(2.409824,7.546760e+31);(5.950466,5.350000e+31);(0.362299,2.500000e+30);1.666364
(2.418619,7.546760e+31);(5.967371,5.350000e+31);(0.367130,2.500000e+30);1.669889
(2.427414,7.546760e+31);(5.984276,5.350000e+31);(0.371960,2.500000e+30);1.673625
(2.436209,7.546760e+31);(6.001181,5.350000e+31);(0.376791,2.500000e+30);1.677567
(2.445004,7.546760e+31);(6.018085,5.350000e+31);(0.381622,2.500000e+30);1.681708
(2.453799,7.546760e+31);(6.034990,5.350000e+31);(0.386452,2.500000e+30);1.686043
(2.462594,7.546760e+31);(6.051895,5.350000e+31);(0.391283,2.500000e+30);1.690567
(2.471389,7.546760e+31);(6.068799,5.350000e+31);(0.396114,2.500000e+30);1.695275
(2.480184,7.546760e+31);(6.085704,5.350000e+31);(0.400944,2.500000e+30);1.700160
(2.488979,7.546760e+31);(6.102609,5.350000e+31);(0.405775,2.500000e+30);1.705219
(2.497774,7.546760e+31);(6.119514,5.350000e+31);(0.410606,2.500000e+30);1.710447
(2.506569,7.546760e+31);(6.136418,5.350000e+31);(0.415436,2.500000e+30);1.715838
(2.515364,7.546760e+31);(6.153323,5.350000e+31);(0.420267,2.500000e+30);1.721389
(2.524159,7.546760e+31);(6.170228,5.350000e+31);(0.425098,2.500000e+30);1.727094
(2.532954,7.546760e+31);(6.187133,5.350000e+31);(0.429928,2.500000e+30);1.732950
(2.541749,7.546760e+31);(6.204037,5.350000e+31);(0.434759,2.500000e+30);1.738952
(2.550544,7.546760e+31);(6.220942,5.350000e+31);(0.439590,2.500000e+30);1.745096
(2.559339,7.546760e+31);(6.237847,5.350000e+31);(0.444420,2.500000e+30);1.751378
(2.568134,7.546760e+31);(6.254752,5.350000e+31);(0.449251,2.500000e+30);1.757795
(2.576929,7.546760e+31);(6.271656,5.350000e+31);(0.454082,2.500000e+30);1.764343
(2.585724,7.546760e+31);(6.288561,5.350000e+31);(0.458912,2.500000e+30);1.771018
(2.594519,7.546760e+31);(6.305466,5.350000e+31);(0.463743,2.500000e+30);1.777817
(2.603314,7.546760e+31);(6.322370,5.350000e+31);(0.468574,2.500000e+30);1.784736
(2.612109,7.546760e+31);(6.339275,5.350000e+31);(0.473404,2.500000e+30);1.791772
(2.620904,7.546760e+31);(6.356180,5.350000e+31);(0.478235,2.500000e+30);1.798922
(2.629699,7.546760e+31);(6.373085,5.350000e+31);(0.483066,2.500000e+30);1.806182
(2.638494,7.546760e+31);(6.389989,5.350000e+31);(0.487896,2.500000e+30);1.813551
(2.647288,7.546760e+31);(6.406894,5.350000e+31);(0.492727,2.500000e+30);1.821025
(2.656083,7.546760e+31);(6.423799,5.350000e+31);(0.497558,2.500000e+30);1.828601
(2.664878,7.546760e+31);(6.440704,5.350000e+31);(0.502388,2.500000e+30);1.836276
(2.673673,7.546760e+31);(6.457608,5.350000e+31);(0.507219,2.500000e+30);1.844048
(2.682468,7.546760e+31);(6.474513,5.350000e+31);(0.512049,2.500000e+30);1.851914
(2.691263,7.546760e+31);(6.491418,5.350000e+31);(0.516880,2.500000e+30);1.859873
(2.700058,7.546760e+31);(6.508323,5.350000e+31);(0.521711,2.500000e+30);1.867921
(2.708853,7.546760e+31);(6.525227,5.350000e+31);(0.526541,2.500000e+30);1.876056
(2.717648,7.546760e+31);(6.542132,5.350000e+31);(0.531372,2.500000e+30);1.884276
(2.726443,7.546760e+31);(6.559037,5.350000e+31);(0.536203,2.500000e+30);1.892579
(2.735238,7.546760e+31);(6.575941,5.350000e+31);(0.541033,2.500000e+30);1.900962
(2.744033,7.546760e+31);(6.592846,5.350000e+31);(0.545864,2.500000e+30);1.909424
(2.752828,7.546760e+31);(6.609751,5.350000e+31);(0.550695,2.500000e+30);1.917963
(2.761623,7.546760e+31);(6.626656,5.350000e+31);(0.555525,2.500000e+30);1.926576
(2.770418,7.546760e+31);(6.643560,5.350000e+31);(0.560356,2.500000e+30);1.935263
(2.779213,7.546760e+31);(6.660465,5.350000e+31);(0.565187,2.500000e+30);1.944020
(2.788008,7.546760e+31);(6.677370,5.350000e+31);(0.570017,2.500000e+30);1.952847
(2.796803,7.546760e+31);(6.694275,5.350000e+31);(0.574848,2.500000e+30);1.961742
(2.805598,7.546760e+31);(6.711179,5.350000e+31);(0.579679,2.500000e+30);1.970702
(2.814393,7.546760e+31);(6.728084,5.350000e+31);(0.584509,2.500000e+30);1.979727
(2.823188,7.546760e+31);(6.744989,5.350000e+31);(0.589340,2.500000e+30);1.988815
(2.831983,7.546760e+31);(6.761894,5.350000e+31);(0.594171,2.500000e+30);1.997964
(2.840778,7.546760e+31);(6.778798,5.350000e+31);(0.599001,2.500000e+30);2.007173
(2.849573,7.546760e+31);(6.795703,5.350000e+31);(0.603832,2.500000e+30);2.016440
(2.858368,7.546760e+31);(6.812608,5.350000e+31);(0.608663,2.500000e+30);2.025765
(2.867163,7.546760e+31);(6.829512,5.350000e+31);(0.613493,2.500000e+30);2.035145
(2.875958,7.546760e+31);(6.846417,5.350000e+31);(0.618324,2.500000e+30);2.044580
(2.884753,7.546760e+31);(6.863322,5.350000e+31);(0.623155,2.500000e+30);2.054068
(2.893548,7.546760e+31);(6.880227,5.350000e+31);(0.627985,2.500000e+30);2.063608
(2.902343,7.546760e+31);(6.897131,5.350000e+31);(0.632816,2.500000e+30);2.073199
(2.911138,7.546760e+31);(6.914036,5.350000e+31);(0.637647,2.500000e+30);2.082839
(2.919933,7.546760e+31);(6.930941,5.350000e+31);(0.642477,2.500000e+30);2.092529
(2.928728,7.546760e+31);(6.947846,5.350000e+31);(0.647308,2.500000e+30);2.102265
(2.937523,7.546760e+31);(6.964750,5.350000e+31);(0.652138,2.500000e+30);2.112048
(2.946318,7.546760e+31);(6.981655,5.350000e+31);(0.656969,2.500000e+30);2.121876
(2.955113,7.546760e+31);(6.998560,5.350000e+31);(0.661800,2.500000e+30);2.131749
(2.963908,7.546760e+31);(7.015465,5.350000e+31);(0.666630,2.500000e+30);2.141665
(2.972703,7.546760e+31);(7.032369,5.350000e+31);(0.671461,2.500000e+30);2.151624
(2.981498,7.546760e+31);(7.049274,5.350000e+31);(0.676292,2.500000e+30);2.161624
(2.990293,7.546760e+31);(7.066179,5.350000e+31);(0.681122,2.500000e+30);2.171665
(2.999088,7.546760e+31);(7.083084,5.350000e+31);(0.685953,2.500000e+30);2.181745
(3.007883,7.546760e+31);(7.099988,5.350000e+31);(0.690784,2.500000e+30);2.191865
(3.016678,7.546760e+31);(7.116893,5.350000e+31);(0.695614,2.500000e+30);2.202023
(3.025473,7.546760e+31);(7.133798,5.350000e+31);(0.700445,2.500000e+30);2.212217
(3.034268,7.546760e+31);(7.150702,5.350000e+31);(0.705276,2.500000e+30);2.222449
(3.043063,7.546760e+31);(7.167607,5.350000e+31);(0.710106,2.500000e+30);2.232716
(3.051857,7.546760e+31);(7.184512,5.350000e+31);(0.714937,2.500000e+30);2.243018
(3.060652,7.546760e+31);(7.201417,5.350000e+31);(0.719768,2.500000e+30);2.253355
(3.069447,7.546760e+31);(7.218321,5.350000e+31);(0.724598,2.500000e+30);2.263725
(3.078242,7.546760e+31);(7.235226,5.350000e+31);(0.729429,2.500000e+30);2.274128
(3.087037,7.546760e+31);(7.252131,5.350000e+31);(0.734260,2.500000e+30);2.284563
(3.095832,7.546760e+31);(7.269036,5.350000e+31);(0.739090,2.500000e+30);2.295030
(3.104627,7.546760e+31);(7.285940,5.350000e+31);(0.743921,2.500000e+30);2.305528
(3.113422,7.546760e+31);(7.302845,5.350000e+31);(0.748752,2.500000e+30);2.316057
(3.122217,7.546760e+31);(7.319750,5.350000e+31);(0.753582,2.500000e+30);2.326615
(3.131012,7.546760e+31);(7.336655,5.350000e+31);(0.758413,2.500000e+30);2.337202
(3.139807,7.546760e+31);(7.353559,5.350000e+31);(0.763244,2.500000e+30);2.347818
(3.148602,7.546760e+31);(7.370464,5.350000e+31);(0.768074,2.500000e+30);2.358462
(3.157397,7.546760e+31);(7.387369,5.350000e+31);(0.772905,2.500000e+30);2.369133
(3.166192,7.546760e+31);(7.404273,5.350000e+31);(0.777736,2.500000e+30);2.379831
(3.174987,7.546760e+31);(7.421178,5.350000e+31);(0.782566,2.500000e+30);2.390556
(3.183782,7.546760e+31);(7.438083,5.350000e+31);(0.787397,2.500000e+30);2.401307
(3.192577,7.546760e+31);(7.454988,5.350000e+31);(0.792228,2.500000e+30);2.412083
(3.201372,7.546760e+31);(7.471892,5.350000e+31);(0.797058,2.500000e+30);2.422884
(3.210167,7.546760e+31);(7.488797,5.350000e+31);(0.801889,2.500000e+30);2.433710
(3.218962,7.546760e+31);(7.505702,5.350000e+31);(0.806719,2.500000e+30);2.444560
(3.227757,7.546760e+31);(7.522607,5.350000e+31);(0.811550,2.500000e+30);2.455433
(3.236552,7.546760e+31);(7.539511,5.350000e+31);(0.816381,2.500000e+30);2.466330
(3.245347,7.546760e+31);(7.556416,5.350000e+31);(0.821211,2.500000e+30);2.477249
(3.254142,7.546760e+31);(7.573321,5.350000e+31);(0.826042,2.500000e+30);2.488191
(3.262937,7.546760e+31);(7.590226,5.350000e+31);(0.830873,2.500000e+30);2.499154
(3.271732,7.546760e+31);(7.607130,5.350000e+31);(0.835703,2.500000e+30);2.510139
(3.280527,7.546760e+31);(7.624035,5.350000e+31);(0.840534,2.500000e+30);2.521146
(3.289322,7.546760e+31);(7.640940,5.350000e+31);(0.845365,2.500000e+30);2.532173
(3.298117,7.546760e+31);(7.657844,5.350000e+31);(0.850195,2.500000e+30);2.543220
(3.306912,7.546760e+31);(7.674749,5.350000e+31);(0.855026,2.500000e+30);2.554288
(3.315707,7.546760e+31);(7.691654,5.350000e+31);(0.859857,2.500000e+30);2.565375
(3.324502,7.546760e+31);(7.708559,5.350000e+31);(0.864687,2.500000e+30);2.576481
(3.333297,7.546760e+31);(7.725463,5.350000e+31);(0.869518,2.500000e+30);2.587607
(3.342092,7.546760e+31);(7.742368,5.350000e+31);(0.874349,2.500000e+30);2.598751
(3.350887,7.546760e+31);(7.759273,5.350000e+31);(0.879179,2.500000e+30);2.609913
(3.359682,7.546760e+31);(7.776178,5.350000e+31);(0.884010,2.500000e+30);2.621094
(3.368477,7.546760e+31);(7.793082,5.350000e+31);(0.888841,2.500000e+30);2.632292
(3.377272,7.546760e+31);(7.809987,5.350000e+31);(0.893671,2.500000e+30);2.643508
(3.386067,7.546760e+31);(7.826892,5.350000e+31);(0.898502,2.500000e+30);2.654740
(3.394862,7.546760e+31);(7.843797,5.350000e+31);(0.903333,2.500000e+30);2.665990
(3.403657,7.546760e+31);(7.860701,5.350000e+31);(0.908163,2.500000e+30);2.677256
(3.412452,7.546760e+31);(7.877606,5.350000e+31);(0.912994,2.500000e+30);2.688539
(3.421247,7.546760e+31);(7.894511,5.350000e+31);(0.917825,2.500000e+30);2.699837
(3.430042,7.546760e+31);(7.911415,5.350000e+31);(0.922655,2.500000e+30);2.711151
(3.438837,7.546760e+31);(7.928320,5.350000e+31);(0.927486,2.500000e+30);2.722481
(3.447632,7.546760e+31);(7.945225,5.350000e+31);(0.932317,2.500000e+30);2.733826
(3.456426,7.546760e+31);(7.962130,5.350000e+31);(0.937147,2.500000e+30);2.745185
(3.465221,7.546760e+31);(7.979034,5.350000e+31);(0.941978,2.500000e+30);2.756560
(3.474016,7.546760e+31);(7.995939,5.350000e+31);(0.946808,2.500000e+30);2.767949
(3.482811,7.546760e+31);(8.012844,5.350000e+31);(0.951639,2.500000e+30);2.779352
(3.491606,7.546760e+31);(8.029749,5.350000e+31);(0.956470,2.500000e+30);2.790770
(3.500401,7.546760e+31);(8.046653,5.350000e+31);(0.961300,2.500000e+30);2.802201
(3.509196,7.546760e+31);(8.063558,5.350000e+31);(0.966131,2.500000e+30);2.813645
(3.517991,7.546760e+31);(8.080463,5.350000e+31);(0.970962,2.500000e+30);2.825103
(3.526786,7.546760e+31);(8.097368,5.350000e+31);(0.975792,2.500000e+30);2.836575
(3.535581,7.546760e+31);(8.114272,5.350000e+31);(0.980623,2.500000e+30);2.848059
(3.544376,7.546760e+31);(8.131177,5.350000e+31);(0.985454,2.500000e+30);2.859556
(3.553171,7.546760e+31);(8.148082,5.350000e+31);(0.990284,2.500000e+30);2.871065
(3.561966,7.546760e+31);(8.164986,5.350000e+31);(0.995115,2.500000e+30);2.882587
(3.570761,7.546760e+31);(8.181891,5.350000e+31);(0.999946,2.500000e+30);2.894121
(3.579556,7.546760e+31);(8.198796,5.350000e+31);(1.004776,2.500000e+30);2.905666
(3.588351,7.546760e+31);(8.215701,5.350000e+31);(1.009607,2.500000e+30);2.917224
(3.597146,7.546760e+31);(8.232605,5.350000e+31);(1.014438,2.500000e+30);2.928793
(3.605941,7.546760e+31);(8.249510,5.350000e+31);(1.019268,2.500000e+30);2.940374
(3.614736,7.546760e+31);(8.266415,5.350000e+31);(1.024099,2.500000e+30);2.951966
(3.623531,7.546760e+31);(8.283320,5.350000e+31);(1.028930,2.500000e+30);2.963569
(3.632326,7.546760e+31);(8.300224,5.350000e+31);(1.033760,2.500000e+30);2.975183
(3.641121,7.546760e+31);(8.317129,5.350000e+31);(1.038591,2.500000e+30);2.986807
(3.649916,7.546760e+31);(8.334034,5.350000e+31);(1.043422,2.500000e+30);2.998442
(3.658711,7.546760e+31);(8.350939,5.350000e+31);(1.048252,2.500000e+30);3.010088
(3.667506,7.546760e+31);(8.367843,5.350000e+31);(1.053083,2.500000e+30);3.021744
(3.676301,7.546760e+31);(8.384748,5.350000e+31);(1.057914,2.500000e+30);3.033410
(3.685096,7.546760e+31);(8.401653,5.350000e+31);(1.062744,2.500000e+30);3.045086
(3.693891,7.546760e+31);(8.418557,5.350000e+31);(1.067575,2.500000e+30);3.056772
(3.702686,7.546760e+31);(8.435462,5.350000e+31);(1.072406,2.500000e+30);3.068467
(3.711481,7.546760e+31);(8.452367,5.350000e+31);(1.077236,2.500000e+30);3.080172
(3.720276,7.546760e+31);(8.469272,5.350000e+31);(1.082067,2.500000e+30);3.091886
(3.729071,7.546760e+31);(8.486176,5.350000e+31);(1.086897,2.500000e+30);3.103610
(3.737866,7.546760e+31);(8.503081,5.350000e+31);(1.091728,2.500000e+30);3.115343
(3.746661,7.546760e+31);(8.519986,5.350000e+31);(1.096559,2.500000e+30);3.127084
(3.755456,7.546760e+31);(8.536891,5.350000e+31);(1.101389,2.500000e+30);3.138835
(3.764251,7.546760e+31);(8.553795,5.350000e+31);(1.106220,2.500000e+30);-3.132591
(3.773046,7.546760e+31);(8.570700,5.350000e+31);(1.111051,2.500000e+30);-3.120823
(3.781841,7.546760e+31);(8.587605,5.350000e+31);(1.115881,2.500000e+30);-3.109047
(3.790636,7.546760e+31);(8.604510,5.350000e+31);(1.120712,2.500000e+30);-3.097262
(3.799431,7.546760e+31);(8.621414,5.350000e+31);(1.125543,2.500000e+30);-3.085470
(3.808226,7.546760e+31);(8.638319,5.350000e+31);(1.130373,2.500000e+30);-3.073668
(3.817021,7.546760e+31);(8.655224,5.350000e+31);(1.135204,2.500000e+30);-3.061859
(3.825816,7.546760e+31);(8.672128,5.350000e+31);(1.140035,2.500000e+30);-3.050043
(3.834611,7.546760e+31);(8.689033,5.350000e+31);(1.144865,2.500000e+30);-3.038218
(3.843406,7.546760e+31);(8.705938,5.350000e+31);(1.149696,2.500000e+30);-3.026385
(3.852201,7.546760e+31);(8.722843,5.350000e+31);(1.154527,2.500000e+30);-3.014546
(3.860995,7.546760e+31);(8.739747,5.350000e+31);(1.159357,2.500000e+30);-3.002698
(3.869790,7.546760e+31);(8.756652,5.350000e+31);(1.164188,2.500000e+30);-2.990843
(3.878585,7.546760e+31);(8.773557,5.350000e+31);(1.169019,2.500000e+30);-2.978981
(3.887380,7.546760e+31);(8.790462,5.350000e+31);(1.173849,2.500000e+30);-2.967112
(3.896175,7.546760e+31);(8.807366,5.350000e+31);(1.178680,2.500000e+30);-2.955236
(3.904970,7.546760e+31);(8.824271,5.350000e+31);(1.183511,2.500000e+30);-2.943353
(3.913765,7.546760e+31);(8.841176,5.350000e+31);(1.188341,2.500000e+30);-2.931463
(3.922560,7.546760e+31);(8.858081,5.350000e+31);(1.193172,2.500000e+30);-2.919566
(3.931355,7.546760e+31);(8.874985,5.350000e+31);(1.198003,2.500000e+30);-2.907663
(3.940150,7.546760e+31);(8.891890,5.350000e+31);(1.202833,2.500000e+30);-2.895753
(3.948945,7.546760e+31);(8.908795,5.350000e+31);(1.207664,2.500000e+30);-2.883837
(3.957740,7.546760e+31);(8.925700,5.350000e+31);(1.212495,2.500000e+30);-2.871914
(3.966535,7.546760e+31);(8.942604,5.350000e+31);(1.217325,2.500000e+30);-2.859985
(3.975330,7.546760e+31);(8.959509,5.350000e+31);(1.222156,2.500000e+30);-2.848049
(3.984125,7.546760e+31);(8.976414,5.350000e+31);(1.226986,2.500000e+30);-2.836108
(3.992920,7.546760e+31);(8.993318,5.350000e+31);(1.231817,2.500000e+30);-2.824160
(4.001715,7.546760e+31);(9.010223,5.350000e+31);(1.236648,2.500000e+30);-2.812207
(4.010510,7.546760e+31);(9.027128,5.350000e+31);(1.241478,2.500000e+30);-2.800248
(4.019305,7.546760e+31);(9.044033,5.350000e+31);(1.246309,2.500000e+30);-2.788282
(4.028100,7.546760e+31);(9.060937,5.350000e+31);(1.251140,2.500000e+30);-2.776312
(4.036895,7.546760e+31);(9.077842,5.350000e+31);(1.255970,2.500000e+30);-2.764335
(4.045690,7.546760e+31);(9.094747,5.350000e+31);(1.260801,2.500000e+30);-2.752353
(4.054485,7.546760e+31);(9.111652,5.350000e+31);(1.265632,2.500000e+30);-2.740365
(4.063280,7.546760e+31);(9.128556,5.350000e+31);(1.270462,2.500000e+30);-2.728372
(4.072075,7.546760e+31);(9.145461,5.350000e+31);(1.275293,2.500000e+30);-2.716374
(4.080870,7.546760e+31);(9.162366,5.350000e+31);(1.280124,2.500000e+30);-2.704370
(4.089665,7.546760e+31);(9.179271,5.350000e+31);(1.284954,2.500000e+30);-2.692362
(4.098460,7.546760e+31);(9.196175,5.350000e+31);(1.289785,2.500000e+30);-2.680348
(4.107255,7.546760e+31);(9.213080,5.350000e+31);(1.294616,2.500000e+30);-2.668329
(4.116050,7.546760e+31);(9.229985,5.350000e+31);(1.299446,2.500000e+30);-2.656305
(4.124845,7.546760e+31);(9.246889,5.350000e+31);(1.304277,2.500000e+30);-2.644276
(4.133640,7.546760e+31);(9.263794,5.350000e+31);(1.309108,2.500000e+30);-2.632242
(4.142435,7.546760e+31);(9.280699,5.350000e+31);(1.313938,2.500000e+30);-2.620203
(4.151230,7.546760e+31);(9.297604,5.350000e+31);(1.318769,2.500000e+30);-2.608160
(4.160025,7.546760e+31);(9.314508,5.350000e+31);(1.323600,2.500000e+30);-2.596112
(4.168820,7.546760e+31);(9.331413,5.350000e+31);(1.328430,2.500000e+30);-2.584060
(4.177615,7.546760e+31);(9.348318,5.350000e+31);(1.333261,2.500000e+30);-2.572002
(4.186410,7.546760e+31);(9.365223,5.350000e+31);(1.338092,2.500000e+30);-2.559941
(4.195205,7.546760e+31);(9.382127,5.350000e+31);(1.342922,2.500000e+30);-2.547875
(4.204000,7.546760e+31);(9.399032,5.350000e+31);(1.347753,2.500000e+30);-2.535805
(4.212795,7.546760e+31);(9.415937,5.350000e+31);(1.352584,2.500000e+30);-2.523730
(4.221590,7.546760e+31);(9.432842,5.350000e+31);(1.357414,2.500000e+30);-2.511651
(4.230385,7.546760e+31);(9.449746,5.350000e+31);(1.362245,2.500000e+30);-2.499568
(4.239180,7.546760e+31);(9.466651,5.350000e+31);(1.367076,2.500000e+30);-2.487481
(4.247975,7.546760e+31);(9.483556,5.350000e+31);(1.371906,2.500000e+30);-2.475389
(4.256770,7.546760e+31);(9.500460,5.350000e+31);(1.376737,2.500000e+30);-2.463294
(4.265565,7.546760e+31);(9.517365,5.350000e+31);(1.381567,2.500000e+30);-2.451195
(4.274359,7.546760e+31);(9.534270,5.350000e+31);(1.386398,2.500000e+30);-2.439092
(4.283154,7.546760e+31);(9.551175,5.350000e+31);(1.391229,2.500000e+30);-2.426985
(4.291949,7.546760e+31);(9.568079,5.350000e+31);(1.396059,2.500000e+30);-2.414874
(4.300744,7.546760e+31);(9.584984,5.350000e+31);(1.400890,2.500000e+30);-2.402760
(4.309539,7.546760e+31);(9.601889,5.350000e+31);(1.405721,2.500000e+30);-2.390641
(4.318334,7.546760e+31);(9.618794,5.350000e+31);(1.410551,2.500000e+30);-2.378519
(4.327129,7.546760e+31);(9.635698,5.350000e+31);(1.415382,2.500000e+30);-2.366394
(4.335924,7.546760e+31);(9.652603,5.350000e+31);(1.420213,2.500000e+30);-2.354265
(4.344719,7.546760e+31);(9.669508,5.350000e+31);(1.425043,2.500000e+30);-2.342132
(4.353514,7.546760e+31);(9.686413,5.350000e+31);(1.429874,2.500000e+30);-2.329997
(4.362309,7.546760e+31);(9.703317,5.350000e+31);(1.434705,2.500000e+30);-2.317857
(4.371104,7.546760e+31);(9.720222,5.350000e+31);(1.439535,2.500000e+30);-2.305715
(4.379899,7.546760e+31);(9.737127,5.350000e+31);(1.444366,2.500000e+30);-2.293569
(4.388694,7.546760e+31);(9.754031,5.350000e+31);(1.449197,2.500000e+30);-2.281419
(4.397489,7.546760e+31);(9.770936,5.350000e+31);(1.454027,2.500000e+30);-2.269267
(4.406284,7.546760e+31);(9.787841,5.350000e+31);(1.458858,2.500000e+30);-2.257111
(4.415079,7.546760e+31);(9.804746,5.350000e+31);(1.463689,2.500000e+30);-2.244952
(4.423874,7.546760e+31);(9.821650,5.350000e+31);(1.468519,2.500000e+30);-2.232791
(4.432669,7.546760e+31);(9.838555,5.350000e+31);(1.473350,2.500000e+30);-2.220626
(4.441464,7.546760e+31);(9.855460,5.350000e+31);(1.478181,2.500000e+30);-2.208458
(4.450259,7.546760e+31);(9.872365,5.350000e+31);(1.483011,2.500000e+30);-2.196287
(4.459054,7.546760e+31);(9.889269,5.350000e+31);(1.487842,2.500000e+30);-2.184113
(4.467849,7.546760e+31);(9.906174,5.350000e+31);(1.492673,2.500000e+30);-2.171937
(4.476644,7.546760e+31);(9.923079,5.350000e+31);(1.497503,2.500000e+30);-2.159757
(4.485439,7.546760e+31);(9.939984,5.350000e+31);(1.502334,2.500000e+30);-2.147575
(4.494234,7.546760e+31);(9.956888,5.350000e+31);(1.507165,2.500000e+30);-2.135390
(4.503029,7.546760e+31);(9.973793,5.350000e+31);(1.511995,2.500000e+30);-2.123203
(4.511824,7.546760e+31);(9.990698,5.350000e+31);(1.516826,2.500000e+30);-2.111013
(4.520619,7.546760e+31);(10.007602,5.350000e+31);(1.521656,2.500000e+30);-2.098820
(4.529414,7.546760e+31);(10.024507,5.350000e+31);(1.526487,2.500000e+30);-2.086624
(4.538209,7.546760e+31);(10.041412,5.350000e+31);(1.531318,2.500000e+30);-2.074426
(4.547004,7.546760e+31);(10.058317,5.350000e+31);(1.536148,2.500000e+30);-2.062226
(4.555799,7.546760e+31);(10.075221,5.350000e+31);(1.540979,2.500000e+30);-2.050023
(4.564594,7.546760e+31);(10.092126,5.350000e+31);(1.545810,2.500000e+30);-2.037817
(4.573389,7.546760e+31);(10.109031,5.350000e+31);(1.550640,2.500000e+30);-2.025610
(4.582184,7.546760e+31);(10.125936,5.350000e+31);(1.555471,2.500000e+30);-2.013399
(4.590979,7.546760e+31);(10.142840,5.350000e+31);(1.560302,2.500000e+30);-2.001187
(4.599774,7.546760e+31);(10.159745,5.350000e+31);(1.565132,2.500000e+30);-1.988972
(4.608569,7.546760e+31);(10.176650,5.350000e+31);(1.569963,2.500000e+30);-1.976755
(4.617364,7.546760e+31);(10.193555,5.350000e+31);(1.574794,2.500000e+30);-1.964536
(4.626159,7.546760e+31);(10.210459,5.350000e+31);(1.579624,2.500000e+30);-1.952315
(4.634954,7.546760e+31);(10.227364,5.350000e+31);(1.584455,2.500000e+30);-1.940091
(4.643749,7.546760e+31);(10.244269,5.350000e+31);(1.589286,2.500000e+30);-1.927866
(4.652544,7.546760e+31);(10.261173,5.350000e+31);(1.594116,2.500000e+30);-1.915638
(4.661339,7.546760e+31);(10.278078,5.350000e+31);(1.598947,2.500000e+30);-1.903408
(4.670134,7.546760e+31);(10.294983,5.350000e+31);(1.603778,2.500000e+30);-1.891177
(4.678928,7.546760e+31);(10.311888,5.350000e+31);(1.608608,2.500000e+30);-1.878943
(4.687723,7.546760e+31);(10.328792,5.350000e+31);(1.613439,2.500000e+30);-1.866707
(4.696518,7.546760e+31);(10.345697,5.350000e+31);(1.618270,2.500000e+30);-1.854470
(4.705313,7.546760e+31);(10.362602,5.350000e+31);(1.623100,2.500000e+30);-1.842231
(4.714108,7.546760e+31);(10.379507,5.350000e+31);(1.627931,2.500000e+30);-1.829989
(4.722903,7.546760e+31);(10.396411,5.350000e+31);(1.632762,2.500000e+30);-1.817746
(4.731698,7.546760e+31);(10.413316,5.350000e+31);(1.637592,2.500000e+30);-1.805502
(4.740493,7.546760e+31);(10.430221,5.350000e+31);(1.642423,2.500000e+30);-1.793255
(4.749288,7.546760e+31);(10.447126,5.350000e+31);(1.647254,2.500000e+30);-1.781007
(4.758083,7.546760e+31);(10.464030,5.350000e+31);(1.652084,2.500000e+30);-1.768757
(4.766878,7.546760e+31);(10.480935,5.350000e+31);(1.656915,2.500000e+30);-1.756505
(4.775673,7.546760e+31);(10.497840,5.350000e+31);(1.661745,2.500000e+30);-1.744252
(4.784468,7.546760e+31);(10.514744,5.350000e+31);(1.666576,2.500000e+30);-1.731997
(4.793263,7.546760e+31);(10.531649,5.350000e+31);(1.671407,2.500000e+30);-1.719741
(4.802058,7.546760e+31);(10.548554,5.350000e+31);(1.676237,2.500000e+30);-1.707483
(4.810853,7.546760e+31);(10.565459,5.350000e+31);(1.681068,2.500000e+30);-1.695224
(4.819648,7.546760e+31);(10.582363,5.350000e+31);(1.685899,2.500000e+30);-1.682963
(4.828443,7.546760e+31);(10.599268,5.350000e+31);(1.690729,2.500000e+30);-1.670701
(4.837238,7.546760e+31);(10.616173,5.350000e+31);(1.695560,2.500000e+30);-1.658437
(4.846033,7.546760e+31);(10.633078,5.350000e+31);(1.700391,2.500000e+30);-1.646172
(4.854828,7.546760e+31);(10.649982,5.350000e+31);(1.705221,2.500000e+30);-1.633906
(4.863623,7.546760e+31);(10.666887,5.350000e+31);(1.710052,2.500000e+30);-1.621638
(4.872418,7.546760e+31);(10.683792,5.350000e+31);(1.714883,2.500000e+30);-1.609369
(4.881213,7.546760e+31);(10.700697,5.350000e+31);(1.719713,2.500000e+30);-1.597099
(4.890008,7.546760e+31);(10.717601,5.350000e+31);(1.724544,2.500000e+30);-1.584827
(4.898803,7.546760e+31);(10.734506,5.350000e+31);(1.729375,2.500000e+30);-1.572555
(4.907598,7.546760e+31);(10.751411,5.350000e+31);(1.734205,2.500000e+30);-1.560281
(4.916393,7.546760e+31);(10.768315,5.350000e+31);(1.739036,2.500000e+30);-1.548006
(4.925188,7.546760e+31);(10.785220,5.350000e+31);(1.743867,2.500000e+30);-1.535730
(4.933983,7.546760e+31);(10.802125,5.350000e+31);(1.748697,2.500000e+30);-1.523452
(4.942778,7.546760e+31);(10.819030,5.350000e+31);(1.753528,2.500000e+30);-1.511174
(4.951573,7.546760e+31);(10.835934,5.350000e+31);(1.758359,2.500000e+30);-1.498895
(4.960368,7.546760e+31);(10.852839,5.350000e+31);(1.763189,2.500000e+30);-1.486614
(4.969163,7.546760e+31);(10.869744,5.350000e+31);(1.768020,2.500000e+30);-1.474333
(4.977958,7.546760e+31);(10.886649,5.350000e+31);(1.772851,2.500000e+30);-1.462051
(4.986753,7.546760e+31);(10.903553,5.350000e+31);(1.777681,2.500000e+30);-1.449767
(4.995548,7.546760e+31);(10.920458,5.350000e+31);(1.782512,2.500000e+30);-1.437483
(5.004343,7.546760e+31);(10.937363,5.350000e+31);(1.787343,2.500000e+30);-1.425198
(5.013138,7.546760e+31);(10.954268,5.350000e+31);(1.792173,2.500000e+30);-1.412912
(5.021933,7.546760e+31);(10.971172,5.350000e+31);(1.797004,2.500000e+30);-1.400625
(5.030728,7.546760e+31);(10.988077,5.350000e+31);(1.801835,2.500000e+30);-1.388338
(5.039523,7.546760e+31);(11.004982,5.350000e+31);(1.806665,2.500000e+30);-1.376050
(5.048318,7.546760e+31);(11.021887,5.350000e+31);(1.811496,2.500000e+30);-1.363760
(5.057113,7.546760e+31);(11.038791,5.350000e+31);(1.816326,2.500000e+30);-1.351471
(5.065908,7.546760e+31);(11.055696,5.350000e+31);(1.821157,2.500000e+30);-1.339180
(5.074703,7.546760e+31);(11.072601,5.350000e+31);(1.825988,2.500000e+30);-1.326889
(5.083497,7.546760e+31);(11.089505,5.350000e+31);(1.830818,2.500000e+30);-1.314597
(5.092292,7.546760e+31);(11.106410,5.350000e+31);(1.835649,2.500000e+30);-1.302305
(5.101087,7.546760e+31);(11.123315,5.350000e+31);(1.840480,2.500000e+30);-1.290012
(5.109882,7.546760e+31);(11.140220,5.350000e+31);(1.845310,2.500000e+30);-1.277718
(5.118677,7.546760e+31);(11.157124,5.350000e+31);(1.850141,2.500000e+30);-1.265424
(5.127472,7.546760e+31);(11.174029,5.350000e+31);(1.854972,2.500000e+30);-1.253129
(5.136267,7.546760e+31);(11.190934,5.350000e+31);(1.859802,2.500000e+30);-1.240834
(5.145062,7.546760e+31);(11.207839,5.350000e+31);(1.864633,2.500000e+30);-1.228538
(5.153857,7.546760e+31);(11.224743,5.350000e+31);(1.869464,2.500000e+30);-1.216242
(5.162652,7.546760e+31);(11.241648,5.350000e+31);(1.874294,2.500000e+30);-1.203945
(5.171447,7.546760e+31);(11.258553,5.350000e+31);(1.879125,2.500000e+30);-1.191648
(5.180242,7.546760e+31);(11.275458,5.350000e+31);(1.883956,2.500000e+30);-1.179351
(5.189037,7.546760e+31);(11.292362,5.350000e+31);(1.888786,2.500000e+30);-1.167053
(5.197832,7.546760e+31);(11.309267,5.350000e+31);(1.893617,2.500000e+30);-1.154755
(5.206627,7.546760e+31);(11.326172,5.350000e+31);(1.898448,2.500000e+30);-1.142457
(5.215422,7.546760e+31);(11.343076,5.350000e+31);(1.903278,2.500000e+30);-1.130158
(5.224217,7.546760e+31);(11.359981,5.350000e+31);(1.908109,2.500000e+30);-1.117859
(5.233012,7.546760e+31);(11.376886,5.350000e+31);(1.912940,2.500000e+30);-1.105560
(5.241807,7.546760e+31);(11.393791,5.350000e+31);(1.917770,2.500000e+30);-1.093260
(5.250602,7.546760e+31);(11.410695,5.350000e+31);(1.922601,2.500000e+30);-1.080961
(5.259397,7.546760e+31);(11.427600,5.350000e+31);(1.927432,2.500000e+30);-1.068661
(5.268192,7.546760e+31);(11.444505,5.350000e+31);(1.932262,2.500000e+30);-1.056361
(5.276987,7.546760e+31);(11.461410,5.350000e+31);(1.937093,2.500000e+30);-1.044061
(5.285782,7.546760e+31);(11.478314,5.350000e+31);(1.941924,2.500000e+30);-1.031761
(5.294577,7.546760e+31);(11.495219,5.350000e+31);(1.946754,2.500000e+30);-1.019461
(5.303372,7.546760e+31);(11.512124,5.350000e+31);(1.951585,2.500000e+30);-1.007161
(5.312167,7.546760e+31);(11.529029,5.350000e+31);(1.956415,2.500000e+30);-0.994861
(5.320962,7.546760e+31);(11.545933,5.350000e+31);(1.961246,2.500000e+30);-0.982560
(5.329757,7.546760e+31);(11.562838,5.350000e+31);(1.966077,2.500000e+30);-0.970260
(5.338552,7.546760e+31);(11.579743,5.350000e+31);(1.970907,2.500000e+30);-0.957960
(5.347347,7.546760e+31);(11.596647,5.350000e+31);(1.975738,2.500000e+30);-0.945660
(5.356142,7.546760e+31);(11.613552,5.350000e+31);(1.980569,2.500000e+30);-0.933360
(5.364937,7.546760e+31);(11.630457,5.350000e+31);(1.985399,2.500000e+30);-0.921060
(5.373732,7.546760e+31);(11.647362,5.350000e+31);(1.990230,2.500000e+30);-0.908761
(5.382527,7.546760e+31);(11.664266,5.350000e+31);(1.995061,2.500000e+30);-0.896461
(5.391322,7.546760e+31);(11.681171,5.350000e+31);(1.999891,2.500000e+30);-0.884162
(5.400117,7.546760e+31);(11.698076,5.350000e+31);(2.004722,2.500000e+30);-0.871863
(5.408912,7.546760e+31);(11.714981,5.350000e+31);(2.009553,2.500000e+30);-0.859564
(5.417707,7.546760e+31);(11.731885,5.350000e+31);(2.014383,2.500000e+30);-0.847265
(5.426502,7.546760e+31);(11.748790,5.350000e+31);(2.019214,2.500000e+30);-0.834967
(5.435297,7.546760e+31);(11.765695,5.350000e+31);(2.024045,2.500000e+30);-0.822669
(5.444092,7.546760e+31);(11.782600,5.350000e+31);(2.028875,2.500000e+30);-0.810371
(5.452887,7.546760e+31);(11.799504,5.350000e+31);(2.033706,2.500000e+30);-0.798074
(5.461682,7.546760e+31);(11.816409,5.350000e+31);(2.038537,2.500000e+30);-0.785777
(5.470477,7.546760e+31);(11.833314,5.350000e+31);(2.043367,2.500000e+30);-0.773480
(5.479272,7.546760e+31);(11.850218,5.350000e+31);(2.048198,2.500000e+30);-0.761184
(5.488066,7.546760e+31);(11.867123,5.350000e+31);(2.053029,2.500000e+30);-0.748888
(5.496861,7.546760e+31);(11.884028,5.350000e+31);(2.057859,2.500000e+30);-0.736593
(5.505656,7.546760e+31);(11.900933,5.350000e+31);(2.062690,2.500000e+30);-0.724299
(5.514451,7.546760e+31);(11.917837,5.350000e+31);(2.067521,2.500000e+30);-0.712004
(5.523246,7.546760e+31);(11.934742,5.350000e+31);(2.072351,2.500000e+30);-0.699711
(5.532041,7.546760e+31);(11.951647,5.350000e+31);(2.077182,2.500000e+30);-0.687418
(5.540836,7.546760e+31);(11.968552,5.350000e+31);(2.082013,2.500000e+30);-0.675125
(5.549631,7.546760e+31);(11.985456,5.350000e+31);(2.086843,2.500000e+30);-0.662833
(5.558426,7.546760e+31);(12.002361,5.350000e+31);(2.091674,2.500000e+30);-0.650542
(5.567221,7.546760e+31);(12.019266,5.350000e+31);(2.096504,2.500000e+30);-0.638252
(5.576016,7.546760e+31);(12.036171,5.350000e+31);(2.101335,2.500000e+30);-0.625962
(5.584811,7.546760e+31);(12.053075,5.350000e+31);(2.106166,2.500000e+30);-0.613673
(5.593606,7.546760e+31);(12.069980,5.350000e+31);(2.110996,2.500000e+30);-0.601384
(5.602401,7.546760e+31);(12.086885,5.350000e+31);(2.115827,2.500000e+30);-0.589097
(5.611196,7.546760e+31);(12.103789,5.350000e+31);(2.120658,2.500000e+30);-0.576810
(5.619991,7.546760e+31);(12.120694,5.350000e+31);(2.125488,2.500000e+30);-0.564524
(5.628786,7.546760e+31);(12.137599,5.350000e+31);(2.130319,2.500000e+30);-0.552239
(5.637581,7.546760e+31);(12.154504,5.350000e+31);(2.135150,2.500000e+30);-0.539954
(5.646376,7.546760e+31);(12.171408,5.350000e+31);(2.139980,2.500000e+30);-0.527671
(5.655171,7.546760e+31);(12.188313,5.350000e+31);(2.144811,2.500000e+30);-0.515388
(5.663966,7.546760e+31);(12.205218,5.350000e+31);(2.149642,2.500000e+30);-0.503107
(5.672761,7.546760e+31);(12.222123,5.350000e+31);(2.154472,2.500000e+30);-0.490826
(5.681556,7.546760e+31);(12.239027,5.350000e+31);(2.159303,2.500000e+30);-0.478546
(5.690351,7.546760e+31);(12.255932,5.350000e+31);(2.164134,2.500000e+30);-0.466268
(5.699146,7.546760e+31);(12.272837,5.350000e+31);(2.168964,2.500000e+30);-0.453990
(5.707941,7.546760e+31);(12.289742,5.350000e+31);(2.173795,2.500000e+30);-0.441713
(5.716736,7.546760e+31);(12.306646,5.350000e+31);(2.178626,2.500000e+30);-0.429438
(5.725531,7.546760e+31);(12.323551,5.350000e+31);(2.183456,2.500000e+30);-0.417164
(5.734326,7.546760e+31);(12.340456,5.350000e+31);(2.188287,2.500000e+30);-0.404890
(5.743121,7.546760e+31);(12.357360,5.350000e+31);(2.193118,2.500000e+30);-0.392618
(5.751916,7.546760e+31);(12.374265,5.350000e+31);(2.197948,2.500000e+30);-0.380348
(5.760711,7.546760e+31);(12.391170,5.350000e+31);(2.202779,2.500000e+30);-0.368078
(5.769506,7.546760e+31);(12.408075,5.350000e+31);(2.207610,2.500000e+30);-0.355810
(5.778301,7.546760e+31);(12.424979,5.350000e+31);(2.212440,2.500000e+30);-0.343542
(5.787096,7.546760e+31);(12.441884,5.350000e+31);(2.217271,2.500000e+30);-0.331277
(5.795891,7.546760e+31);(12.458789,5.350000e+31);(2.222102,2.500000e+30);-0.319012
(5.804686,7.546760e+31);(12.475694,5.350000e+31);(2.226932,2.500000e+30);-0.306749
(5.813481,7.546760e+31);(12.492598,5.350000e+31);(2.231763,2.500000e+30);-0.294487
(5.822276,7.546760e+31);(12.509503,5.350000e+31);(2.236593,2.500000e+30);-0.282227
(5.831071,7.546760e+31);(12.526408,5.350000e+31);(2.241424,2.500000e+30);-0.269968
(5.839866,7.546760e+31);(12.543313,5.350000e+31);(2.246255,2.500000e+30);-0.257710
(5.848661,7.546760e+31);(12.560217,5.350000e+31);(2.251085,2.500000e+30);-0.245454
(5.857456,7.546760e+31);(12.577122,5.350000e+31);(2.255916,2.500000e+30);-0.233199
(5.866251,7.546760e+31);(12.594027,5.350000e+31);(2.260747,2.500000e+30);-0.220946
(5.875046,7.546760e+31);(12.610931,5.350000e+31);(2.265577,2.500000e+30);-0.208695
(5.883841,7.546760e+31);(12.627836,5.350000e+31);(2.270408,2.500000e+30);-0.196445
(5.892635,7.546760e+31);(12.644741,5.350000e+31);(2.275239,2.500000e+30);-0.184197
(5.901430,7.546760e+31);(12.661646,5.350000e+31);(2.280069,2.500000e+30);-0.171950
(5.910225,7.546760e+31);(12.678550,5.350000e+31);(2.284900,2.500000e+30);-0.159705
(5.919020,7.546760e+31);(12.695455,5.350000e+31);(2.289731,2.500000e+30);-0.147462
(5.927815,7.546760e+31);(12.712360,5.350000e+31);(2.294561,2.500000e+30);-0.135221
(5.936610,7.546760e+31);(12.729265,5.350000e+31);(2.299392,2.500000e+30);-0.122981
(5.945405,7.546760e+31);(12.746169,5.350000e+31);(2.304223,2.500000e+30);-0.110743
(5.954200,7.546760e+31);(12.763074,5.350000e+31);(2.309053,2.500000e+30);-0.098507
(5.962995,7.546760e+31);(12.779979,5.350000e+31);(2.313884,2.500000e+30);-0.086273
(5.971790,7.546760e+31);(12.796884,5.350000e+31);(2.318715,2.500000e+30);-0.074040
(5.980585,7.546760e+31);(12.813788,5.350000e+31);(2.323545,2.500000e+30);-0.061810
(5.989380,7.546760e+31);(12.830693,5.350000e+31);(2.328376,2.500000e+30);-0.049581
(5.998175,7.546760e+31);(12.847598,5.350000e+31);(2.333207,2.500000e+30);-0.037355
(6.006970,7.546760e+31);(12.864503,5.350000e+31);(2.338037,2.500000e+30);-0.025130
(6.015765,7.546760e+31);(12.881407,5.350000e+31);(2.342868,2.500000e+30);-0.012908
(6.024560,7.546760e+31);(12.898312,5.350000e+31);(2.347699,2.500000e+30);-0.000687
(6.033355,7.546760e+31);(12.915217,5.350000e+31);(2.352529,2.500000e+30);0.011531
(6.042150,7.546760e+31);(12.932121,5.350000e+31);(2.357360,2.500000e+30);0.023747
(6.050945,7.546760e+31);(12.949026,5.350000e+31);(2.362191,2.500000e+30);0.035961
(6.059740,7.546760e+31);(12.965931,5.350000e+31);(2.367021,2.500000e+30);0.048173
(6.068535,7.546760e+31);(12.982836,5.350000e+31);(2.371852,2.500000e+30);0.060383
(6.077330,7.546760e+31);(12.999740,5.350000e+31);(2.376683,2.500000e+30);0.072590
(6.086125,7.546760e+31);(13.016645,5.350000e+31);(2.381513,2.500000e+30);0.084795
(6.094920,7.546760e+31);(13.033550,5.350000e+31);(2.386344,2.500000e+30);0.096998
(6.103715,7.546760e+31);(13.050455,5.350000e+31);(2.391174,2.500000e+30);0.109199
(6.112510,7.546760e+31);(13.067359,5.350000e+31);(2.396005,2.500000e+30);0.121397
(6.121305,7.546760e+31);(13.084264,5.350000e+31);(2.400836,2.500000e+30);0.133592
(6.130100,7.546760e+31);(13.101169,5.350000e+31);(2.405666,2.500000e+30);0.145786
(6.138895,7.546760e+31);(13.118074,5.350000e+31);(2.410497,2.500000e+30);0.157976
(6.147690,7.546760e+31);(13.134978,5.350000e+31);(2.415328,2.500000e+30);0.170164
(6.156485,7.546760e+31);(13.151883,5.350000e+31);(2.420158,2.500000e+30);0.182350
(6.165280,7.546760e+31);(13.168788,5.350000e+31);(2.424989,2.500000e+30);0.194533
(6.174075,7.546760e+31);(13.185692,5.350000e+31);(2.429820,2.500000e+30);0.206713
(6.182870,7.546760e+31);(13.202597,5.350000e+31);(2.434650,2.500000e+30);0.218891
(6.191665,7.546760e+31);(13.219502,5.350000e+31);(2.439481,2.500000e+30);0.231066
(6.200460,7.546760e+31);(13.236407,5.350000e+31);(2.444312,2.500000e+30);0.243238
(6.209255,7.546760e+31);(13.253311,5.350000e+31);(2.449142,2.500000e+30);0.255408
(6.218050,7.546760e+31);(13.270216,5.350000e+31);(2.453973,2.500000e+30);0.267575
(6.226845,7.546760e+31);(13.287121,5.350000e+31);(2.458804,2.500000e+30);0.279739
(6.235640,7.546760e+31);(13.304026,5.350000e+31);(2.463634,2.500000e+30);0.291899
(6.244435,7.546760e+31);(13.320930,5.350000e+31);(2.468465,2.500000e+30);0.304057
(6.253230,7.546760e+31);(13.337835,5.350000e+31);(2.473296,2.500000e+30);0.316213
(6.262025,7.546760e+31);(13.354740,5.350000e+31);(2.478126,2.500000e+30);0.328365
(6.270820,7.546760e+31);(13.371645,5.350000e+31);(2.482957,2.500000e+30);0.340514
(6.279615,7.546760e+31);(13.388549,5.350000e+31);(2.487788,2.500000e+30);0.352659
(6.288410,7.546760e+31);(13.405454,5.350000e+31);(2.492618,2.500000e+30);0.364802
(6.297205,7.546760e+31);(13.422359,5.350000e+31);(2.497449,2.500000e+30);0.376942
(6.305999,7.546760e+31);(13.439263,5.350000e+31);(2.502280,2.500000e+30);0.389078
(6.314794,7.546760e+31);(13.456168,5.350000e+31);(2.507110,2.500000e+30);0.401211
(6.323589,7.546760e+31);(13.473073,5.350000e+31);(2.511941,2.500000e+30);0.413341
(6.332384,7.546760e+31);(13.489978,5.350000e+31);(2.516772,2.500000e+30);0.425468
(6.341179,7.546760e+31);(13.506882,5.350000e+31);(2.521602,2.500000e+30);0.437591
(6.349974,7.546760e+31);(13.523787,5.350000e+31);(2.526433,2.500000e+30);0.449711
(6.358769,7.546760e+31);(13.540692,5.350000e+31);(2.531263,2.500000e+30);0.461827
(6.367564,7.546760e+31);(13.557597,5.350000e+31);(2.536094,2.500000e+30);0.473940
(6.376359,7.546760e+31);(13.574501,5.350000e+31);(2.540925,2.500000e+30);0.486049
(6.385154,7.546760e+31);(13.591406,5.350000e+31);(2.545755,2.500000e+30);0.498154
(6.393949,7.546760e+31);(13.608311,5.350000e+31);(2.550586,2.500000e+30);0.510256
(6.402744,7.546760e+31);(13.625216,5.350000e+31);(2.555417,2.500000e+30);0.522354
(6.411539,7.546760e+31);(13.642120,5.350000e+31);(2.560247,2.500000e+30);0.534449
(6.420334,7.546760e+31);(13.659025,5.350000e+31);(2.565078,2.500000e+30);0.546540
(6.429129,7.546760e+31);(13.675930,5.350000e+31);(2.569909,2.500000e+30);0.558626
(6.437924,7.546760e+31);(13.692834,5.350000e+31);(2.574739,2.500000e+30);0.570709
(6.446719,7.546760e+31);(13.709739,5.350000e+31);(2.579570,2.500000e+30);0.582788
(6.455514,7.546760e+31);(13.726644,5.350000e+31);(2.584401,2.500000e+30);0.594863
(6.464309,7.546760e+31);(13.743549,5.350000e+31);(2.589231,2.500000e+30);0.606934
(6.473104,7.546760e+31);(13.760453,5.350000e+31);(2.594062,2.500000e+30);0.619001
(6.481899,7.546760e+31);(13.777358,5.350000e+31);(2.598893,2.500000e+30);0.631064
(6.490694,7.546760e+31);(13.794263,5.350000e+31);(2.603723,2.500000e+30);0.643123
(6.499489,7.546760e+31);(13.811168,5.350000e+31);(2.608554,2.500000e+30);0.655177
(6.508284,7.546760e+31);(13.828072,5.350000e+31);(2.613385,2.500000e+30);0.667227
(6.517079,7.546760e+31);(13.844977,5.350000e+31);(2.618215,2.500000e+30);0.679273
(6.525874,7.546760e+31);(13.861882,5.350000e+31);(2.623046,2.500000e+30);0.691314
(6.534669,7.546760e+31);(13.878787,5.350000e+31);(2.627877,2.500000e+30);0.703351
(6.543464,7.546760e+31);(13.895691,5.350000e+31);(2.632707,2.500000e+30);0.715383
(6.552259,7.546760e+31);(13.912596,5.350000e+31);(2.637538,2.500000e+30);0.727411
(6.561054,7.546760e+31);(13.929501,5.350000e+31);(2.642369,2.500000e+30);0.739434
(6.569849,7.546760e+31);(13.946405,5.350000e+31);(2.647199,2.500000e+30);0.751452
(6.578644,7.546760e+31);(13.963310,5.350000e+31);(2.652030,2.500000e+30);0.763466
(6.587439,7.546760e+31);(13.980215,5.350000e+31);(2.656861,2.500000e+30);0.775474
(6.596234,7.546760e+31);(13.997120,5.350000e+31);(2.661691,2.500000e+30);0.787478
(6.605029,7.546760e+31);(14.014024,5.350000e+31);(2.666522,2.500000e+30);0.799477
(6.613824,7.546760e+31);(14.030929,5.350000e+31);(2.671352,2.500000e+30);0.811471
(6.622619,7.546760e+31);(14.047834,5.350000e+31);(2.676183,2.500000e+30);0.823460
(6.631414,7.546760e+31);(14.064739,5.350000e+31);(2.681014,2.500000e+30);0.835443
(6.640209,7.546760e+31);(14.081643,5.350000e+31);(2.685844,2.500000e+30);0.847422
(6.649004,7.546760e+31);(14.098548,5.350000e+31);(2.690675,2.500000e+30);0.859395
(6.657799,7.546760e+31);(14.115453,5.350000e+31);(2.695506,2.500000e+30);0.871363
(6.666594,7.546760e+31);(14.132358,5.350000e+31);(2.700336,2.500000e+30);0.883326
(6.675389,7.546760e+31);(14.149262,5.350000e+31);(2.705167,2.500000e+30);0.895283
(6.684184,7.546760e+31);(14.166167,5.350000e+31);(2.709998,2.500000e+30);0.907234
(6.692979,7.546760e+31);(14.183072,5.350000e+31);(2.714828,2.500000e+30);0.919180
(6.701774,7.546760e+31);(14.199976,5.350000e+31);(2.719659,2.500000e+30);0.931120
(6.710568,7.546760e+31);(14.216881,5.350000e+31);(2.724490,2.500000e+30);0.943055
(6.719363,7.546760e+31);(14.233786,5.350000e+31);(2.729320,2.500000e+30);0.954983
(6.728158,7.546760e+31);(14.250691,5.350000e+31);(2.734151,2.500000e+30);0.966906
(6.736953,7.546760e+31);(14.267595,5.350000e+31);(2.738982,2.500000e+30);0.978823
(6.745748,7.546760e+31);(14.284500,5.350000e+31);(2.743812,2.500000e+30);0.990733
(6.754543,7.546760e+31);(14.301405,5.350000e+31);(2.748643,2.500000e+30);1.002638
(6.763338,7.546760e+31);(14.318310,5.350000e+31);(2.753474,2.500000e+30);1.014536
(6.772133,7.546760e+31);(14.335214,5.350000e+31);(2.758304,2.500000e+30);1.026428
(6.780928,7.546760e+31);(14.352119,5.350000e+31);(2.763135,2.500000e+30);1.038314
(6.789723,7.546760e+31);(14.369024,5.350000e+31);(2.767966,2.500000e+30);1.050193
(6.798518,7.546760e+31);(14.385929,5.350000e+31);(2.772796,2.500000e+30);1.062065
(6.807313,7.546760e+31);(14.402833,5.350000e+31);(2.777627,2.500000e+30);1.073931
(6.816108,7.546760e+31);(14.419738,5.350000e+31);(2.782458,2.500000e+30);1.085790
(6.824903,7.546760e+31);(14.436643,5.350000e+31);(2.787288,2.500000e+30);1.097643
(6.833698,7.546760e+31);(14.453547,5.350000e+31);(2.792119,2.500000e+30);1.109488
(6.842493,7.546760e+31);(14.470452,5.350000e+31);(2.796950,2.500000e+30);1.121327
(6.851288,7.546760e+31);(14.487357,5.350000e+31);(2.801780,2.500000e+30);1.133158
(6.860083,7.546760e+31);(14.504262,5.350000e+31);(2.806611,2.500000e+30);1.144982
(6.868878,7.546760e+31);(14.521166,5.350000e+31);(2.811442,2.500000e+30);1.156799
(6.877673,7.546760e+31);(14.538071,5.350000e+31);(2.816272,2.500000e+30);1.168609
(6.886468,7.546760e+31);(14.554976,5.350000e+31);(2.821103,2.500000e+30);1.180411
(6.895263,7.546760e+31);(14.571881,5.350000e+31);(2.825933,2.500000e+30);1.192205
(6.904058,7.546760e+31);(14.588785,5.350000e+31);(2.830764,2.500000e+30);1.203992
(6.912853,7.546760e+31);(14.605690,5.350000e+31);(2.835595,2.500000e+30);1.215771
(6.921648,7.546760e+31);(14.622595,5.350000e+31);(2.840425,2.500000e+30);1.227542
(6.930443,7.546760e+31);(14.639500,5.350000e+31);(2.845256,2.500000e+30);1.239305
(6.939238,7.546760e+31);(14.656404,5.350000e+31);(2.850087,2.500000e+30);1.251060
(6.948033,7.546760e+31);(14.673309,5.350000e+31);(2.854917,2.500000e+30);1.262807
(6.956828,7.546760e+31);(14.690214,5.350000e+31);(2.859748,2.500000e+30);1.274545
(6.965623,7.546760e+31);(14.707118,5.350000e+31);(2.864579,2.500000e+30);1.286275
(6.974418,7.546760e+31);(14.724023,5.350000e+31);(2.869409,2.500000e+30);1.297997
(6.983213,7.546760e+31);(14.740928,5.350000e+31);(2.874240,2.500000e+30);1.309710
(6.992008,7.546760e+31);(14.757833,5.350000e+31);(2.879071,2.500000e+30);1.321413
(7.000803,7.546760e+31);(14.774737,5.350000e+31);(2.883901,2.500000e+30);1.333108
(7.009598,7.546760e+31);(14.791642,5.350000e+31);(2.888732,2.500000e+30);1.344794
(7.018393,7.546760e+31);(14.808547,5.350000e+31);(2.893563,2.500000e+30);1.356471
(7.027188,7.546760e+31);(14.825452,5.350000e+31);(2.898393,2.500000e+30);1.368139
(7.035983,7.546760e+31);(14.842356,5.350000e+31);(2.903224,2.500000e+30);1.379797
(7.044778,7.546760e+31);(14.859261,5.350000e+31);(2.908055,2.500000e+30);1.391445
(7.053573,7.546760e+31);(14.876166,5.350000e+31);(2.912885,2.500000e+30);1.403084
(7.062368,7.546760e+31);(14.893071,5.350000e+31);(2.917716,2.500000e+30);1.414712
(7.071163,7.546760e+31);(14.909975,5.350000e+31);(2.922547,2.500000e+30);1.426331
(7.079958,7.546760e+31);(14.926880,5.350000e+31);(2.927377,2.500000e+30);1.437940
(7.088753,7.546760e+31);(14.943785,5.350000e+31);(2.932208,2.500000e+30);1.449538
(7.097548,7.546760e+31);(14.960690,5.350000e+31);(2.937039,2.500000e+30);1.461126
(7.106343,7.546760e+31);(14.977594,5.350000e+31);(2.941869,2.500000e+30);1.472704
(7.115137,7.546760e+31);(14.994499,5.350000e+31);(2.946700,2.500000e+30);1.484270
(7.123932,7.546760e+31);(15.011404,5.350000e+31);(2.951531,2.500000e+30);1.495826
(7.132727,7.546760e+31);(15.028308,5.350000e+31);(2.956361,2.500000e+30);1.507371
(7.141522,7.546760e+31);(15.045213,5.350000e+31);(2.961192,2.500000e+30);1.518904
(7.150317,7.546760e+31);(15.062118,5.350000e+31);(2.966022,2.500000e+30);1.530426
(7.159112,7.546760e+31);(15.079023,5.350000e+31);(2.970853,2.500000e+30);1.541936
(7.167907,7.546760e+31);(15.095927,5.350000e+31);(2.975684,2.500000e+30);1.553435
(7.176702,7.546760e+31);(15.112832,5.350000e+31);(2.980514,2.500000e+30);1.564922
(7.185497,7.546760e+31);(15.129737,5.350000e+31);(2.985345,2.500000e+30);1.576397
(7.194292,7.546760e+31);(15.146642,5.350000e+31);(2.990176,2.500000e+30);1.587859
(7.203087,7.546760e+31);(15.163546,5.350000e+31);(2.995006,2.500000e+30);1.599309
(7.211882,7.546760e+31);(15.180451,5.350000e+31);(2.999837,2.500000e+30);1.610746
(7.220677,7.546760e+31);(15.197356,5.350000e+31);(3.004668,2.500000e+30);1.622171
(7.229472,7.546760e+31);(15.214261,5.350000e+31);(3.009498,2.500000e+30);1.633582
(7.238267,7.546760e+31);(15.231165,5.350000e+31);(3.014329,2.500000e+30);1.644980
(7.247062,7.546760e+31);(15.248070,5.350000e+31);(3.019160,2.500000e+30);1.656365
(7.255857,7.546760e+31);(15.264975,5.350000e+31);(3.023990,2.500000e+30);1.667736
(7.264652,7.546760e+31);(15.281879,5.350000e+31);(3.028821,2.500000e+30);1.679093
(7.273447,7.546760e+31);(15.298784,5.350000e+31);(3.033652,2.500000e+30);1.690436
(7.282242,7.546760e+31);(15.315689,5.350000e+31);(3.038482,2.500000e+30);1.701765
(7.291037,7.546760e+31);(15.332594,5.350000e+31);(3.043313,2.500000e+30);1.713079
(7.299832,7.546760e+31);(15.349498,5.350000e+31);(3.048144,2.500000e+30);1.724378
(7.308627,7.546760e+31);(15.366403,5.350000e+31);(3.052974,2.500000e+30);1.735663
(7.317422,7.546760e+31);(15.383308,5.350000e+31);(3.057805,2.500000e+30);1.746932
(7.326217,7.546760e+31);(15.400213,5.350000e+31);(3.062636,2.500000e+30);1.758185
(7.335012,7.546760e+31);(15.417117,5.350000e+31);(3.067466,2.500000e+30);1.769423
(7.343807,7.546760e+31);(15.434022,5.350000e+31);(3.072297,2.500000e+30);1.780645
(7.352602,7.546760e+31);(15.450927,5.350000e+31);(3.077128,2.500000e+30);1.791850
(7.361397,7.546760e+31);(15.467832,5.350000e+31);(3.081958,2.500000e+30);1.803039
(7.370192,7.546760e+31);(15.484736,5.350000e+31);(3.086789,2.500000e+30);1.814211
(7.378987,7.546760e+31);(15.501641,5.350000e+31);(3.091620,2.500000e+30);1.825366
(7.387782,7.546760e+31);(15.518546,5.350000e+31);(3.096450,2.500000e+30);1.836504
(7.396577,7.546760e+31);(15.535450,5.350000e+31);(3.101281,2.500000e+30);1.847624
(7.405372,7.546760e+31);(15.552355,5.350000e+31);(3.106111,2.500000e+30);1.858725
(7.414167,7.546760e+31);(15.569260,5.350000e+31);(3.110942,2.500000e+30);1.869809
(7.422962,7.546760e+31);(15.586165,5.350000e+31);(3.115773,2.500000e+30);1.880874
(7.431757,7.546760e+31);(15.603069,5.350000e+31);(3.120603,2.500000e+30);1.891920
(7.440552,7.546760e+31);(15.619974,5.350000e+31);(3.125434,2.500000e+30);1.902947
(7.449347,7.546760e+31);(15.636879,5.350000e+31);(3.130265,2.500000e+30);1.913954
(7.458142,7.546760e+31);(15.653784,5.350000e+31);(3.135095,2.500000e+30);1.924941
(7.466937,7.546760e+31);(15.670688,5.350000e+31);(3.139926,2.500000e+30);1.935908
(7.475732,7.546760e+31);(15.687593,5.350000e+31);(3.144757,2.500000e+30);1.946854
(7.484527,7.546760e+31);(15.704498,5.350000e+31);(3.149587,2.500000e+30);1.957780
(7.493322,7.546760e+31);(15.721403,5.350000e+31);(3.154418,2.500000e+30);1.968684
(7.502117,7.546760e+31);(15.738307,5.350000e+31);(3.159249,2.500000e+30);1.979566
(7.510912,7.546760e+31);(15.755212,5.350000e+31);(3.164079,2.500000e+30);1.990426
(7.519706,7.546760e+31);(15.772117,5.350000e+31);(3.168910,2.500000e+30);2.001263
(7.528501,7.546760e+31);(15.789021,5.350000e+31);(3.173741,2.500000e+30);2.012078
(7.537296,7.546760e+31);(15.805926,5.350000e+31);(3.178571,2.500000e+30);2.022869
(7.546091,7.546760e+31);(15.822831,5.350000e+31);(3.183402,2.500000e+30);2.033636
(7.554886,7.546760e+31);(15.839736,5.350000e+31);(3.188233,2.500000e+30);2.044379
(7.563681,7.546760e+31);(15.856640,5.350000e+31);(3.193063,2.500000e+30);2.055098
(7.572476,7.546760e+31);(15.873545,5.350000e+31);(3.197894,2.500000e+30);2.065791
(7.581271,7.546760e+31);(15.890450,5.350000e+31);(3.202725,2.500000e+30);2.076459
(7.590066,7.546760e+31);(15.907355,5.350000e+31);(3.207555,2.500000e+30);2.087100
(7.598861,7.546760e+31);(15.924259,5.350000e+31);(3.212386,2.500000e+30);2.097715
(7.607656,7.546760e+31);(15.941164,5.350000e+31);(3.217217,2.500000e+30);2.108303
(7.616451,7.546760e+31);(15.958069,5.350000e+31);(3.222047,2.500000e+30);2.118863
(7.625246,7.546760e+31);(15.974974,5.350000e+31);(3.226878,2.500000e+30);2.129395
(7.634041,7.546760e+31);(15.991878,5.350000e+31);(3.231709,2.500000e+30);2.139898
(7.642836,7.546760e+31);(16.008783,5.350000e+31);(3.236539,2.500000e+30);2.150372
(7.651631,7.546760e+31);(16.025688,5.350000e+31);(3.241370,2.500000e+30);2.160816
(7.660426,7.546760e+31);(16.042592,5.350000e+31);(3.246200,2.500000e+30);2.171230
(7.669221,7.546760e+31);(16.059497,5.350000e+31);(3.251031,2.500000e+30);2.181612
(7.678016,7.546760e+31);(16.076402,5.350000e+31);(3.255862,2.500000e+30);2.191963
(7.686811,7.546760e+31);(16.093307,5.350000e+31);(3.260692,2.500000e+30);2.202282
(7.695606,7.546760e+31);(16.110211,5.350000e+31);(3.265523,2.500000e+30);2.212568
(7.704401,7.546760e+31);(16.127116,5.350000e+31);(3.270354,2.500000e+30);2.222820
(7.713196,7.546760e+31);(16.144021,5.350000e+31);(3.275184,2.500000e+30);2.233038
(7.721991,7.546760e+31);(16.160926,5.350000e+31);(3.280015,2.500000e+30);2.243220
(7.730786,7.546760e+31);(16.177830,5.350000e+31);(3.284846,2.500000e+30);2.253367
(7.739581,7.546760e+31);(16.194735,5.350000e+31);(3.289676,2.500000e+30);2.263478
(7.748376,7.546760e+31);(16.211640,5.350000e+31);(3.294507,2.500000e+30);2.273552
(7.757171,7.546760e+31);(16.228545,5.350000e+31);(3.299338,2.500000e+30);2.283587
(7.765966,7.546760e+31);(16.245449,5.350000e+31);(3.304168,2.500000e+30);2.293584
(7.774761,7.546760e+31);(16.262354,5.350000e+31);(3.308999,2.500000e+30);2.303541
(7.783556,7.546760e+31);(16.279259,5.350000e+31);(3.313830,2.500000e+30);2.313457
(7.792351,7.546760e+31);(16.296163,5.350000e+31);(3.318660,2.500000e+30);2.323332
(7.801146,7.546760e+31);(16.313068,5.350000e+31);(3.323491,2.500000e+30);2.333165
(7.809941,7.546760e+31);(16.329973,5.350000e+31);(3.328322,2.500000e+30);2.342955
(7.818736,7.546760e+31);(16.346878,5.350000e+31);(3.333152,2.500000e+30);2.352701
(7.827531,7.546760e+31);(16.363782,5.350000e+31);(3.337983,2.500000e+30);2.362401
(7.836326,7.546760e+31);(16.380687,5.350000e+31);(3.342814,2.500000e+30);2.372056
(7.845121,7.546760e+31);(16.397592,5.350000e+31);(3.347644,2.500000e+30);2.381663
(7.853916,7.546760e+31);(16.414497,5.350000e+31);(3.352475,2.500000e+30);2.391223
(7.862711,7.546760e+31);(16.431401,5.350000e+31);(3.357306,2.500000e+30);2.400733
(7.871506,7.546760e+31);(16.448306,5.350000e+31);(3.362136,2.500000e+30);2.410193
(7.880301,7.546760e+31);(16.465211,5.350000e+31);(3.366967,2.500000e+30);2.419601
(7.889096,7.546760e+31);(16.482116,5.350000e+31);(3.371798,2.500000e+30);2.428957
(7.897891,7.546760e+31);(16.499020,5.350000e+31);(3.376628,2.500000e+30);2.438258
(7.906686,7.546760e+31);(16.515925,5.350000e+31);(3.381459,2.500000e+30);2.447505
(7.915481,7.546760e+31);(16.532830,5.350000e+31);(3.386290,2.500000e+30);2.456695
(7.924275,7.546760e+31);(16.549734,5.350000e+31);(3.391120,2.500000e+30);2.465828
(7.933070,7.546760e+31);(16.566639,5.350000e+31);(3.395951,2.500000e+30);2.474902
(7.941865,7.546760e+31);(16.583544,5.350000e+31);(3.400781,2.500000e+30);2.483915
(7.950660,7.546760e+31);(16.600449,5.350000e+31);(3.405612,2.500000e+30);2.492866
(7.959455,7.546760e+31);(16.617353,5.350000e+31);(3.410443,2.500000e+30);2.501753
(7.968250,7.546760e+31);(16.634258,5.350000e+31);(3.415273,2.500000e+30);2.510576
(7.977045,7.546760e+31);(16.651163,5.350000e+31);(3.420104,2.500000e+30);2.519333
(7.985840,7.546760e+31);(16.668068,5.350000e+31);(3.424935,2.500000e+30);2.528021
(7.994635,7.546760e+31);(16.684972,5.350000e+31);(3.429765,2.500000e+30);2.536639
(8.003430,7.546760e+31);(16.701877,5.350000e+31);(3.434596,2.500000e+30);2.545186
(8.012225,7.546760e+31);(16.718782,5.350000e+31);(3.439427,2.500000e+30);2.553660
(8.021020,7.546760e+31);(16.735687,5.350000e+31);(3.444257,2.500000e+30);2.562059
(8.029815,7.546760e+31);(16.752591,5.350000e+31);(3.449088,2.500000e+30);2.570380
(8.038610,7.546760e+31);(16.769496,5.350000e+31);(3.453919,2.500000e+30);2.578623
(8.047405,7.546760e+31);(16.786401,5.350000e+31);(3.458749,2.500000e+30);2.586785
(8.056200,7.546760e+31);(16.803306,5.350000e+31);(3.463580,2.500000e+30);2.594864
(8.064995,7.546760e+31);(16.820210,5.350000e+31);(3.468411,2.500000e+30);2.602858
(8.073790,7.546760e+31);(16.837115,5.350000e+31);(3.473241,2.500000e+30);2.610764
(8.082585,7.546760e+31);(16.854020,5.350000e+31);(3.478072,2.500000e+30);2.618581
(8.091380,7.546760e+31);(16.870924,5.350000e+31);(3.482903,2.500000e+30);2.626306
(8.100175,7.546760e+31);(16.887829,5.350000e+31);(3.487733,2.500000e+30);2.633937
(8.108970,7.546760e+31);(16.904734,5.350000e+31);(3.492564,2.500000e+30);2.641471
(8.117765,7.546760e+31);(16.921639,5.350000e+31);(3.497395,2.500000e+30);2.648907
(8.126560,7.546760e+31);(16.938543,5.350000e+31);(3.502225,2.500000e+30);2.656240
(8.135355,7.546760e+31);(16.955448,5.350000e+31);(3.507056,2.500000e+30);2.663468
(8.144150,7.546760e+31);(16.972353,5.350000e+31);(3.511887,2.500000e+30);2.670590
(8.152945,7.546760e+31);(16.989258,5.350000e+31);(3.516717,2.500000e+30);2.677601
(8.161740,7.546760e+31);(17.006162,5.350000e+31);(3.521548,2.500000e+30);2.684499
(8.170535,7.546760e+31);(17.023067,5.350000e+31);(3.526379,2.500000e+30);2.691280
(8.179330,7.546760e+31);(17.039972,5.350000e+31);(3.531209,2.500000e+30);2.697943
(8.188125,7.546760e+31);(17.056877,5.350000e+31);(3.536040,2.500000e+30);2.704482
(8.196920,7.546760e+31);(17.073781,5.350000e+31);(3.540870,2.500000e+30);2.710896
(8.205715,7.546760e+31);(17.090686,5.350000e+31);(3.545701,2.500000e+30);2.717181
(8.214510,7.546760e+31);(17.107591,5.350000e+31);(3.550532,2.500000e+30);2.723332
(8.223305,7.546760e+31);(17.124495,5.350000e+31);(3.555362,2.500000e+30);2.729347
(8.232100,7.546760e+31);(17.141400,5.350000e+31);(3.560193,2.500000e+30);2.735222
(8.240895,7.546760e+31);(17.158305,5.350000e+31);(3.565024,2.500000e+30);2.740952
(8.249690,7.546760e+31);(17.175210,5.350000e+31);(3.569854,2.500000e+30);2.746535
(8.258485,7.546760e+31);(17.192114,5.350000e+31);(3.574685,2.500000e+30);2.751965
(8.267280,7.546760e+31);(17.209019,5.350000e+31);(3.579516,2.500000e+30);2.757239
(8.276075,7.546760e+31);(17.225924,5.350000e+31);(3.584346,2.500000e+30);2.762352
(8.284870,7.546760e+31);(17.242829,5.350000e+31);(3.589177,2.500000e+30);2.767300
(8.293665,7.546760e+31);(17.259733,5.350000e+31);(3.594008,2.500000e+30);2.772078
(8.302460,7.546760e+31);(17.276638,5.350000e+31);(3.598838,2.500000e+30);2.776682
(8.311255,7.546760e+31);(17.293543,5.350000e+31);(3.603669,2.500000e+30);2.781106
(8.320050,7.546760e+31);(17.310448,5.350000e+31);(3.608500,2.500000e+30);2.785347
(8.328845,7.546760e+31);(17.327352,5.350000e+31);(3.613330,2.500000e+30);2.789398
(8.337639,7.546760e+31);(17.344257,5.350000e+31);(3.618161,2.500000e+30);2.793255
(8.346434,7.546760e+31);(17.361162,5.350000e+31);(3.622992,2.500000e+30);2.796913
(8.355229,7.546760e+31);(17.378066,5.350000e+31);(3.627822,2.500000e+30);2.800365
(8.364024,7.546760e+31);(17.394971,5.350000e+31);(3.632653,2.500000e+30);2.803607
(8.372819,7.546760e+31);(17.411876,5.350000e+31);(3.637484,2.500000e+30);2.806633
(8.381614,7.546760e+31);(17.428781,5.350000e+31);(3.642314,2.500000e+30);2.809438
(8.390409,7.546760e+31);(17.445685,5.350000e+31);(3.647145,2.500000e+30);2.812014
(8.399204,7.546760e+31);(17.462590,5.350000e+31);(3.651976,2.500000e+30);2.814358
(8.407999,7.546760e+31);(17.479495,5.350000e+31);(3.656806,2.500000e+30);2.816462
(8.416794,7.546760e+31);(17.496400,5.350000e+31);(3.661637,2.500000e+30);2.818320
(8.425589,7.546760e+31);(17.513304,5.350000e+31);(3.666468,2.500000e+30);2.819927
(8.434384,7.546760e+31);(17.530209,5.350000e+31);(3.671298,2.500000e+30);2.821276
(8.443179,7.546760e+31);(17.547114,5.350000e+31);(3.676129,2.500000e+30);2.822361
(8.451974,7.546760e+31);(17.564019,5.350000e+31);(3.680959,2.500000e+30);2.823176
(8.460769,7.546760e+31);(17.580923,5.350000e+31);(3.685790,2.500000e+30);2.823715
(8.469564,7.546760e+31);(17.597828,5.350000e+31);(3.690621,2.500000e+30);2.823972
(8.478359,7.546760e+31);(17.614733,5.350000e+31);(3.695451,2.500000e+30);2.823940
(8.487154,7.546760e+31);(17.631637,5.350000e+31);(3.700282,2.500000e+30);2.823613
(8.495949,7.546760e+31);(17.648542,5.350000e+31);(3.705113,2.500000e+30);2.822987
(8.504744,7.546760e+31);(17.665447,5.350000e+31);(3.709943,2.500000e+30);2.822053
(8.513539,7.546760e+31);(17.682352,5.350000e+31);(3.714774,2.500000e+30);2.820809
(8.522334,7.546760e+31);(17.699256,5.350000e+31);(3.719605,2.500000e+30);2.819247
(8.531129,7.546760e+31);(17.716161,5.350000e+31);(3.724435,2.500000e+30);2.817362
(8.539924,7.546760e+31);(17.733066,5.350000e+31);(3.729266,2.500000e+30);2.815151
(8.548719,7.546760e+31);(17.749971,5.350000e+31);(3.734097,2.500000e+30);2.812608
(8.557514,7.546760e+31);(17.766875,5.350000e+31);(3.738927,2.500000e+30);2.809730
(8.566309,7.546760e+31);(17.783780,5.350000e+31);(3.743758,2.500000e+30);2.806512
(8.575104,7.546760e+31);(17.800685,5.350000e+31);(3.748589,2.500000e+30);2.802953
(8.583899,7.546760e+31);(17.817590,5.350000e+31);(3.753419,2.500000e+30);2.799049
(8.592694,7.546760e+31);(17.834494,5.350000e+31);(3.758250,2.500000e+30);2.794798
(8.601489,7.546760e+31);(17.851399,5.350000e+31);(3.763081,2.500000e+30);2.790199
(8.610284,7.546760e+31);(17.868304,5.350000e+31);(3.767911,2.500000e+30);2.785253
(8.619079,7.546760e+31);(17.885208,5.350000e+31);(3.772742,2.500000e+30);2.779959
(8.627874,7.546760e+31);(17.902113,5.350000e+31);(3.777573,2.500000e+30);2.774320
(8.636669,7.546760e+31);(17.919018,5.350000e+31);(3.782403,2.500000e+30);2.768336
(8.645464,7.546760e+31);(17.935923,5.350000e+31);(3.787234,2.500000e+30);2.762012
(8.654259,7.546760e+31);(17.952827,5.350000e+31);(3.792065,2.500000e+30);2.755353
(8.663054,7.546760e+31);(17.969732,5.350000e+31);(3.796895,2.500000e+30);2.748363
(8.671849,7.546760e+31);(17.986637,5.350000e+31);(3.801726,2.500000e+30);2.741050
(8.680644,7.546760e+31);(18.003542,5.350000e+31);(3.806557,2.500000e+30);2.733422
(8.689439,7.546760e+31);(18.020446,5.350000e+31);(3.811387,2.500000e+30);2.725488
(8.698234,7.546760e+31);(18.037351,5.350000e+31);(3.816218,2.500000e+30);2.717259
(8.707029,7.546760e+31);(18.054256,5.350000e+31);(3.821049,2.500000e+30);2.708747
(8.715824,7.546760e+31);(18.071161,5.350000e+31);(3.825879,2.500000e+30);2.699966
(8.724619,7.546760e+31);(18.088065,5.350000e+31);(3.830710,2.500000e+30);2.690929
(8.733414,7.546760e+31);(18.104970,5.350000e+31);(3.835540,2.500000e+30);2.681654
(8.742208,7.546760e+31);(18.121875,5.350000e+31);(3.840371,2.500000e+30);2.672158
(8.751003,7.546760e+31);(18.138779,5.350000e+31);(3.845202,2.500000e+30);2.662458
(8.759798,7.546760e+31);(18.155684,5.350000e+31);(3.850032,2.500000e+30);2.652574
(8.768593,7.546760e+31);(18.172589,5.350000e+31);(3.854863,2.500000e+30);2.642528
(8.777388,7.546760e+31);(18.189494,5.350000e+31);(3.859694,2.500000e+30);2.632341
(8.786183,7.546760e+31);(18.206398,5.350000e+31);(3.864524,2.500000e+30);2.622036
(8.794978,7.546760e+31);(18.223303,5.350000e+31);(3.869355,2.500000e+30);2.611634
(8.803773,7.546760e+31);(18.240208,5.350000e+31);(3.874186,2.500000e+30);2.601162
(8.812568,7.546760e+31);(18.257113,5.350000e+31);(3.879016,2.500000e+30);2.590642
(8.821363,7.546760e+31);(18.274017,5.350000e+31);(3.883847,2.500000e+30);2.580100
(8.830158,7.546760e+31);(18.290922,5.350000e+31);(3.888678,2.500000e+30);2.569559
(8.838953,7.546760e+31);(18.307827,5.350000e+31);(3.893508,2.500000e+30);2.559045
(8.847748,7.546760e+31);(18.324732,5.350000e+31);(3.898339,2.500000e+30);2.548583
(8.856543,7.546760e+31);(18.341636,5.350000e+31);(3.903170,2.500000e+30);2.538196
(8.865338,7.546760e+31);(18.358541,5.350000e+31);(3.908000,2.500000e+30);2.527909
(8.874133,7.546760e+31);(18.375446,5.350000e+31);(3.912831,2.500000e+30);2.517743
(8.882928,7.546760e+31);(18.392350,5.350000e+31);(3.917662,2.500000e+30);2.507723
